ATTCCGGAAT	-76.7027	8.0004e-08	6	6	0.0714	1e-07	1.31,-3.27,-3.27,-3.27,-3.27,-3.28,-3.28,1.31,1.31,-3.27,	-3.27,1.31,1.31,-3.27,-3.27,-3.26,-3.26,-3.27,-3.27,1.31,	-3.27,-3.27,-3.27,1.41,1.41,-3.28,-3.28,-3.27,-3.27,-3.27,	-3.28,-3.28,-3.28,-3.27,-3.27,1.41,1.41,-3.28,-3.28,-3.28,	9998,2,0,0,0,0,0,0,0,0,0,0,0,0,0,0,0,0,0,0	
ATTCCGGAAT	-76.703	8.0004e-08	6	6	0.0714	1e-07	1.31,-3.27,-3.27,-3.27,-3.27,-3.28,-3.28,1.31,1.31,-3.27,	-3.27,1.31,1.31,-3.27,-3.27,-3.26,-3.26,-3.27,-3.27,1.31,	-3.27,-3.27,-3.27,1.41,1.41,-3.28,-3.28,-3.27,-3.27,-3.27,	-3.28,-3.28,-3.28,-3.27,-3.27,1.41,1.41,-3.28,-3.28,-3.28,	9998,2,0,0,0,0,0,0,0,0,0,0,0,0,0,0,0,0,0,0	
ATTCCGGAAT	-76.703	8.0004e-08	6	6	0.0714	1e-07	1.31,-3.27,-3.27,-3.27,-3.27,-3.28,-3.28,1.31,1.31,-3.27,	-3.27,1.31,1.31,-3.27,-3.27,-3.26,-3.26,-3.27,-3.27,1.31,	-3.27,-3.27,-3.27,1.41,1.41,-3.28,-3.28,-3.27,-3.27,-3.27,	-3.28,-3.28,-3.28,-3.27,-3.27,1.41,1.41,-3.28,-3.28,-3.28,	9998,2,0,0,0,0,0,0,0,0,0,0,0,0,0,0,0,0,0,0	
ATTCCGGAAT	-76.703	8.0004e-08	6	6	0.0714	1e-07	1.31,-3.27,-3.27,-3.27,-3.27,-3.28,-3.28,1.31,1.31,-3.27,	-3.27,1.31,1.31,-3.27,-3.27,-3.26,-3.26,-3.27,-3.27,1.31,	-3.27,-3.27,-3.27,1.41,1.41,-3.28,-3.28,-3.27,-3.27,-3.27,	-3.28,-3.28,-3.28,-3.27,-3.27,1.41,1.41,-3.28,-3.28,-3.28,	9998,2,0,0,0,0,0,0,0,0,0,0,0,0,0,0,0,0,0,0	
ATTCCGGAAT	-76.703	8.0004e-08	6	6	0.0714	1e-07	1.31,-3.27,-3.27,-3.27,-3.27,-3.28,-3.28,1.31,1.31,-3.27,	-3.27,1.31,1.31,-3.27,-3.27,-3.26,-3.26,-3.27,-3.27,1.31,	-3.27,-3.27,-3.27,1.41,1.41,-3.28,-3.28,-3.27,-3.27,-3.27,	-3.28,-3.28,-3.28,-3.27,-3.27,1.41,1.41,-3.28,-3.28,-3.28,	9998,2,0,0,0,0,0,0,0,0,0,0,0,0,0,0,0,0,0,0	
ATTCCGGAAT	-76.703	8.0004e-08	6	6	0.0714	1e-07	1.31,-3.27,-3.27,-3.27,-3.27,-3.28,-3.28,1.31,1.31,-3.27,	-3.27,1.31,1.31,-3.27,-3.27,-3.26,-3.26,-3.27,-3.27,1.31,	-3.27,-3.27,-3.27,1.41,1.41,-3.28,-3.28,-3.27,-3.27,-3.27,	-3.28,-3.28,-3.28,-3.27,-3.27,1.41,1.41,-3.28,-3.28,-3.28,	9998,2,0,0,0,0,0,0,0,0,0,0,0,0,0,0,0,0,0,0	
CCGGAATTTT	-71.205	1.2502e-06	6	6	0.0714	2.5e-07	-3.27,-3.27,-3.28,-3.28,1.31,1.31,-3.27,-3.27,-3.27,-3.27,	-3.27,-3.27,-3.26,-3.26,-3.27,-3.27,1.31,1.31,1.31,1.31,	1.41,1.41,-3.28,-3.28,-3.27,-3.27,-3.27,-3.27,-3.27,-3.27,	-3.27,-3.27,1.41,1.41,-3.28,-3.28,-3.28,-3.28,-3.28,-3.28,	9995,5,0,0,0,0,0,0,0,0,0,0,0,0,0,0,0,0,0,0	
CCGGAATTTT	-71.205	1.2502e-06	6	6	0.0714	2.5e-07	-3.27,-3.27,-3.28,-3.28,1.31,1.31,-3.27,-3.27,-3.27,-3.27,	-3.27,-3.27,-3.26,-3.26,-3.27,-3.27,1.31,1.31,1.31,1.31,	1.41,1.41,-3.28,-3.28,-3.27,-3.27,-3.27,-3.27,-3.27,-3.27,	-3.27,-3.27,1.41,1.41,-3.28,-3.28,-3.28,-3.28,-3.28,-3.28,	9995,5,0,0,0,0,0,0,0,0,0,0,0,0,0,0,0,0,0,0	
CCGGAATTTT	-71.205	1.2502e-06	6	6	0.0714	2.5e-07	-3.27,-3.27,-3.28,-3.28,1.31,1.31,-3.27,-3.27,-3.27,-3.27,	-3.27,-3.27,-3.26,-3.26,-3.27,-3.27,1.31,1.31,1.31,1.31,	1.41,1.41,-3.28,-3.28,-3.27,-3.27,-3.27,-3.27,-3.27,-3.27,	-3.27,-3.27,1.41,1.41,-3.28,-3.28,-3.28,-3.28,-3.28,-3.28,	9995,5,0,0,0,0,0,0,0,0,0,0,0,0,0,0,0,0,0,0	
CCGGAATTTT	-71.205	1.2502e-06	6	6	0.0714	2.5e-07	-3.27,-3.27,-3.28,-3.28,1.31,1.31,-3.27,-3.27,-3.27,-3.27,	-3.27,-3.27,-3.26,-3.26,-3.27,-3.27,1.31,1.31,1.31,1.31,	1.41,1.41,-3.28,-3.28,-3.27,-3.27,-3.27,-3.27,-3.27,-3.27,	-3.27,-3.27,1.41,1.41,-3.28,-3.28,-3.28,-3.28,-3.28,-3.28,	9995,5,0,0,0,0,0,0,0,0,0,0,0,0,0,0,0,0,0,0	
CCGGAATTTT	-71.205	1.2502e-06	6	6	0.0714	2.5e-07	-3.27,-3.27,-3.28,-3.28,1.31,1.31,-3.27,-3.27,-3.27,-3.27,	-3.27,-3.27,-3.26,-3.26,-3.27,-3.27,1.31,1.31,1.31,1.31,	1.41,1.41,-3.28,-3.28,-3.27,-3.27,-3.27,-3.27,-3.27,-3.27,	-3.27,-3.27,1.41,1.41,-3.28,-3.28,-3.28,-3.28,-3.28,-3.28,	9995,5,0,0,0,0,0,0,0,0,0,0,0,0,0,0,0,0,0,0	
CCGGAATTTT	-71.205	1.2502e-06	6	6	0.0714	2.5e-07	-3.27,-3.27,-3.28,-3.28,1.31,1.31,-3.27,-3.27,-3.27,-3.27,	-3.27,-3.27,-3.26,-3.26,-3.27,-3.27,1.31,1.31,1.31,1.31,	1.41,1.41,-3.28,-3.28,-3.27,-3.27,-3.27,-3.27,-3.27,-3.27,	-3.27,-3.27,1.41,1.41,-3.28,-3.28,-3.28,-3.28,-3.28,-3.28,	9995,5,0,0,0,0,0,0,0,0,0,0,0,0,0,0,0,0,0,0	
AATTCCGGAA	-66.474	1.3314e-05	6	6	0.0714	5.5e-07	1.31,1.31,-3.27,-3.27,-3.27,-3.27,-3.28,-3.28,1.31,1.31,	-3.27,-3.27,1.31,1.31,-3.27,-3.27,-3.26,-3.26,-3.27,-3.27,	-3.27,-3.27,-3.27,-3.27,1.41,1.41,-3.28,-3.28,-3.27,-3.27,	-3.28,-3.28,-3.28,-3.28,-3.27,-3.27,1.41,1.41,-3.28,-3.28,	9989,11,0,0,0,0,0,0,0,0,0,0,0,0,0,0,0,0,0,0	
TTCCGGAATT	-66.474	1.3314e-05	6	6	0.0714	5.5e-07	-3.27,-3.27,-3.27,-3.27,-3.28,-3.28,1.31,1.31,-3.27,-3.27,	1.31,1.31,-3.27,-3.27,-3.26,-3.26,-3.27,-3.27,1.31,1.31,	-3.27,-3.27,1.41,1.41,-3.28,-3.28,-3.27,-3.27,-3.27,-3.27,	-3.28,-3.28,-3.27,-3.27,1.41,1.41,-3.28,-3.28,-3.28,-3.28,	9989,11,0,0,0,0,0,0,0,0,0,0,0,0,0,0,0,0,0,0	
TTCCGGAATT	-66.474	1.3314e-05	6	6	0.0714	5.5e-07	-3.27,-3.27,-3.27,-3.27,-3.28,-3.28,1.31,1.31,-3.27,-3.27,	1.31,1.31,-3.27,-3.27,-3.26,-3.26,-3.27,-3.27,1.31,1.31,	-3.27,-3.27,1.41,1.41,-3.28,-3.28,-3.27,-3.27,-3.27,-3.27,	-3.28,-3.28,-3.27,-3.27,1.41,1.41,-3.28,-3.28,-3.28,-3.28,	9989,11,0,0,0,0,0,0,0,0,0,0,0,0,0,0,0,0,0,0	
AATTCCGGAA	-66.474	1.3314e-05	6	6	0.0714	5.5e-07	1.31,1.31,-3.27,-3.27,-3.27,-3.27,-3.28,-3.28,1.31,1.31,	-3.27,-3.27,1.31,1.31,-3.27,-3.27,-3.26,-3.26,-3.27,-3.27,	-3.27,-3.27,-3.27,-3.27,1.41,1.41,-3.28,-3.28,-3.27,-3.27,	-3.28,-3.28,-3.28,-3.28,-3.27,-3.27,1.41,1.41,-3.28,-3.28,	9989,11,0,0,0,0,0,0,0,0,0,0,0,0,0,0,0,0,0,0	
AATTCCGGAA	-66.474	1.3314e-05	6	6	0.0714	5.5e-07	1.31,1.31,-3.27,-3.27,-3.27,-3.27,-3.28,-3.28,1.31,1.31,	-3.27,-3.27,1.31,1.31,-3.27,-3.27,-3.26,-3.26,-3.27,-3.27,	-3.27,-3.27,-3.27,-3.27,1.41,1.41,-3.28,-3.28,-3.27,-3.27,	-3.28,-3.28,-3.28,-3.28,-3.27,-3.27,1.41,1.41,-3.28,-3.28,	9989,11,0,0,0,0,0,0,0,0,0,0,0,0,0,0,0,0,0,0	
TTCCGGAATT	-66.474	1.3314e-05	6	6	0.0714	5.5e-07	-3.27,-3.27,-3.27,-3.27,-3.28,-3.28,1.31,1.31,-3.27,-3.27,	1.31,1.31,-3.27,-3.27,-3.26,-3.26,-3.27,-3.27,1.31,1.31,	-3.27,-3.27,1.41,1.41,-3.28,-3.28,-3.27,-3.27,-3.27,-3.27,	-3.28,-3.28,-3.27,-3.27,1.41,1.41,-3.28,-3.28,-3.28,-3.28,	9989,11,0,0,0,0,0,0,0,0,0,0,0,0,0,0,0,0,0,0	
TTCCGGAATT	-66.474	1.3314e-05	6	6	0.0714	5.5e-07	-3.27,-3.27,-3.27,-3.27,-3.28,-3.28,1.31,1.31,-3.27,-3.27,	1.31,1.31,-3.27,-3.27,-3.26,-3.26,-3.27,-3.27,1.31,1.31,	-3.27,-3.27,1.41,1.41,-3.28,-3.28,-3.27,-3.27,-3.27,-3.27,	-3.28,-3.28,-3.27,-3.27,1.41,1.41,-3.28,-3.28,-3.28,-3.28,	9989,11,0,0,0,0,0,0,0,0,0,0,0,0,0,0,0,0,0,0	
AATTCCGGAA	-66.474	1.3314e-05	6	6	0.0714	5.5e-07	1.31,1.31,-3.27,-3.27,-3.27,-3.27,-3.28,-3.28,1.31,1.31,	-3.27,-3.27,1.31,1.31,-3.27,-3.27,-3.26,-3.26,-3.27,-3.27,	-3.27,-3.27,-3.27,-3.27,1.41,1.41,-3.28,-3.28,-3.27,-3.27,	-3.28,-3.28,-3.28,-3.28,-3.27,-3.27,1.41,1.41,-3.28,-3.28,	9989,11,0,0,0,0,0,0,0,0,0,0,0,0,0,0,0,0,0,0	
AATTCCGGAA	-66.474	1.3314e-05	6	6	0.0714	5.5e-07	1.31,1.31,-3.27,-3.27,-3.27,-3.27,-3.28,-3.28,1.31,1.31,	-3.27,-3.27,1.31,1.31,-3.27,-3.27,-3.26,-3.26,-3.27,-3.27,	-3.27,-3.27,-3.27,-3.27,1.41,1.41,-3.28,-3.28,-3.27,-3.27,	-3.28,-3.28,-3.28,-3.28,-3.27,-3.27,1.41,1.41,-3.28,-3.28,	9989,11,0,0,0,0,0,0,0,0,0,0,0,0,0,0,0,0,0,0	
TTCCGGAATT	-66.474	1.3314e-05	6	6	0.0714	5.5e-07	-3.27,-3.27,-3.27,-3.27,-3.28,-3.28,1.31,1.31,-3.27,-3.27,	1.31,1.31,-3.27,-3.27,-3.26,-3.26,-3.27,-3.27,1.31,1.31,	-3.27,-3.27,1.41,1.41,-3.28,-3.28,-3.27,-3.27,-3.27,-3.27,	-3.28,-3.28,-3.27,-3.27,1.41,1.41,-3.28,-3.28,-3.28,-3.28,	9989,11,0,0,0,0,0,0,0,0,0,0,0,0,0,0,0,0,0,0	
AATTCCGGAA	-66.474	1.3314e-05	6	6	0.0714	5.5e-07	1.31,1.31,-3.27,-3.27,-3.27,-3.27,-3.28,-3.28,1.31,1.31,	-3.27,-3.27,1.31,1.31,-3.27,-3.27,-3.26,-3.26,-3.27,-3.27,	-3.27,-3.27,-3.27,-3.27,1.41,1.41,-3.28,-3.28,-3.27,-3.27,	-3.28,-3.28,-3.28,-3.28,-3.27,-3.27,1.41,1.41,-3.28,-3.28,	9989,11,0,0,0,0,0,0,0,0,0,0,0,0,0,0,0,0,0,0	
TTCCGGAATT	-66.474	1.3314e-05	6	6	0.0714	5.5e-07	-3.27,-3.27,-3.27,-3.27,-3.28,-3.28,1.31,1.31,-3.27,-3.27,	1.31,1.31,-3.27,-3.27,-3.26,-3.26,-3.27,-3.27,1.31,1.31,	-3.27,-3.27,1.41,1.41,-3.28,-3.28,-3.27,-3.27,-3.27,-3.27,	-3.28,-3.28,-3.27,-3.27,1.41,1.41,-3.28,-3.28,-3.28,-3.28,	9989,11,0,0,0,0,0,0,0,0,0,0,0,0,0,0,0,0,0,0	
CGGAATTTTA	-59.758	6.4006e-07	5	5	0.0595	2e-07	-3.09,-3.09,-3.09,1.3,1.3,-3.1,-3.1,-3.1,-3.1,1.3,	-3.09,-3.09,-3.09,-3.1,-3.1,1.3,1.3,1.3,1.3,-3.1,	1.4,-3.09,-3.09,-3.09,-3.09,-3.09,-3.09,-3.09,-3.09,-3.09,	-3.09,1.4,1.4,-3.09,-3.09,-3.09,-3.09,-3.09,-3.09,-3.09,	9996,4,0,0,0,0,0,0,0,0,0,0,0,0,0,0,0,0,0,0	
CGGAATTTTA	-59.758	6.4006e-07	5	5	0.0595	2e-07	-3.09,-3.09,-3.09,1.3,1.3,-3.1,-3.1,-3.1,-3.1,1.3,	-3.09,-3.09,-3.09,-3.1,-3.1,1.3,1.3,1.3,1.3,-3.1,	1.4,-3.09,-3.09,-3.09,-3.09,-3.09,-3.09,-3.09,-3.09,-3.09,	-3.09,1.4,1.4,-3.09,-3.09,-3.09,-3.09,-3.09,-3.09,-3.09,	9996,4,0,0,0,0,0,0,0,0,0,0,0,0,0,0,0,0,0,0	
CGGAATTTTA	-59.758	6.4006e-07	5	5	0.0595	2e-07	-3.09,-3.09,-3.09,1.3,1.3,-3.1,-3.1,-3.1,-3.1,1.3,	-3.09,-3.09,-3.09,-3.1,-3.1,1.3,1.3,1.3,1.3,-3.1,	1.4,-3.09,-3.09,-3.09,-3.09,-3.09,-3.09,-3.09,-3.09,-3.09,	-3.09,1.4,1.4,-3.09,-3.09,-3.09,-3.09,-3.09,-3.09,-3.09,	9996,4,0,0,0,0,0,0,0,0,0,0,0,0,0,0,0,0,0,0	
CGGAATTTTA	-59.758	6.4006e-07	5	5	0.0595	2e-07	-3.09,-3.09,-3.09,1.3,1.3,-3.1,-3.1,-3.1,-3.1,1.3,	-3.09,-3.09,-3.09,-3.1,-3.1,1.3,1.3,1.3,1.3,-3.1,	1.4,-3.09,-3.09,-3.09,-3.09,-3.09,-3.09,-3.09,-3.09,-3.09,	-3.09,1.4,1.4,-3.09,-3.09,-3.09,-3.09,-3.09,-3.09,-3.09,	9996,4,0,0,0,0,0,0,0,0,0,0,0,0,0,0,0,0,0,0	
CGGAATTTTA	-59.758	6.4006e-07	5	5	0.0595	2e-07	-3.09,-3.09,-3.09,1.3,1.3,-3.1,-3.1,-3.1,-3.1,1.3,	-3.09,-3.09,-3.09,-3.1,-3.1,1.3,1.3,1.3,1.3,-3.1,	1.4,-3.09,-3.09,-3.09,-3.09,-3.09,-3.09,-3.09,-3.09,-3.09,	-3.09,1.4,1.4,-3.09,-3.09,-3.09,-3.09,-3.09,-3.09,-3.09,	9996,4,0,0,0,0,0,0,0,0,0,0,0,0,0,0,0,0,0,0	
TCCGGAATTT	-59.036	0.00054924	6	6	0.0714	1.9e-06	-3.27,-3.27,-3.27,-3.28,-3.28,1.31,1.31,-3.27,-3.27,1.21,	1.31,-3.27,-3.27,-3.26,-3.26,-3.27,-3.27,1.31,1.31,-1.01,	-3.27,1.41,1.41,-3.28,-3.28,-3.27,-3.27,-3.27,-3.27,-3.14,	-3.28,-3.27,-3.27,1.41,1.41,-3.28,-3.28,-3.28,-3.28,-3.14,	9962,38,0,0,0,0,0,0,0,0,0,0,0,0,0,0,0,0,0,0	
TAATTCCGGA	-59.036	0.00054924	6	6	0.0714	1.9e-06	-1.01,1.31,1.31,-3.27,-3.27,-3.27,-3.27,-3.28,-3.28,1.31,	1.21,-3.27,-3.27,1.31,1.31,-3.27,-3.27,-3.26,-3.26,-3.27,	-3.14,-3.27,-3.27,-3.27,-3.27,1.41,1.41,-3.28,-3.28,-3.27,	-3.14,-3.28,-3.28,-3.28,-3.28,-3.27,-3.27,1.41,1.41,-3.28,	9962,38,0,0,0,0,0,0,0,0,0,0,0,0,0,0,0,0,0,0	
TCCGGAATTT	-59.036	0.00054924	6	6	0.0714	1.9e-06	-3.27,-3.27,-3.27,-3.28,-3.28,1.31,1.31,-3.27,-3.27,1.21,	1.31,-3.27,-3.27,-3.26,-3.26,-3.27,-3.27,1.31,1.31,-1.01,	-3.27,1.41,1.41,-3.28,-3.28,-3.27,-3.27,-3.27,-3.27,-3.14,	-3.28,-3.27,-3.27,1.41,1.41,-3.28,-3.28,-3.28,-3.28,-3.14,	9962,38,0,0,0,0,0,0,0,0,0,0,0,0,0,0,0,0,0,0	
TAATTCCGGA	-59.036	0.00054924	6	6	0.0714	1.9e-06	-1.01,1.31,1.31,-3.27,-3.27,-3.27,-3.27,-3.28,-3.28,1.31,	1.21,-3.27,-3.27,1.31,1.31,-3.27,-3.27,-3.26,-3.26,-3.27,	-3.14,-3.27,-3.27,-3.27,-3.27,1.41,1.41,-3.28,-3.28,-3.27,	-3.14,-3.28,-3.28,-3.28,-3.28,-3.27,-3.27,1.41,1.41,-3.28,	9962,38,0,0,0,0,0,0,0,0,0,0,0,0,0,0,0,0,0,0	
TCCGGAATTT	-59.036	0.00054924	6	6	0.0714	1.9e-06	-3.27,-3.27,-3.27,-3.28,-3.28,1.31,1.31,-3.27,-3.27,1.21,	1.31,-3.27,-3.27,-3.26,-3.26,-3.27,-3.27,1.31,1.31,-1.01,	-3.27,1.41,1.41,-3.28,-3.28,-3.27,-3.27,-3.27,-3.27,-3.14,	-3.28,-3.27,-3.27,1.41,1.41,-3.28,-3.28,-3.28,-3.28,-3.14,	9962,38,0,0,0,0,0,0,0,0,0,0,0,0,0,0,0,0,0,0	
TCCGGAATTT	-59.036	0.00054924	6	6	0.0714	1.9e-06	-3.27,-3.27,-3.27,-3.28,-3.28,1.31,1.31,-3.27,-3.27,1.21,	1.31,-3.27,-3.27,-3.26,-3.26,-3.27,-3.27,1.31,1.31,-1.01,	-3.27,1.41,1.41,-3.28,-3.28,-3.27,-3.27,-3.27,-3.27,-3.14,	-3.28,-3.27,-3.27,1.41,1.41,-3.28,-3.28,-3.28,-3.28,-3.14,	9962,38,0,0,0,0,0,0,0,0,0,0,0,0,0,0,0,0,0,0	
TAATTCCGGA	-59.036	0.00054924	6	6	0.0714	1.9e-06	-1.01,1.31,1.31,-3.27,-3.27,-3.27,-3.27,-3.28,-3.28,1.31,	1.21,-3.27,-3.27,1.31,1.31,-3.27,-3.27,-3.26,-3.26,-3.27,	-3.14,-3.27,-3.27,-3.27,-3.27,1.41,1.41,-3.28,-3.28,-3.27,	-3.14,-3.28,-3.28,-3.28,-3.28,-3.27,-3.27,1.41,1.41,-3.28,	9962,38,0,0,0,0,0,0,0,0,0,0,0,0,0,0,0,0,0,0	
TCCGGAATTT	-59.036	0.00054924	6	6	0.0714	1.9e-06	-3.27,-3.27,-3.27,-3.28,-3.28,1.31,1.31,-3.27,-3.27,1.21,	1.31,-3.27,-3.27,-3.26,-3.26,-3.27,-3.27,1.31,1.31,-1.01,	-3.27,1.41,1.41,-3.28,-3.28,-3.27,-3.27,-3.27,-3.27,-3.14,	-3.28,-3.27,-3.27,1.41,1.41,-3.28,-3.28,-3.28,-3.28,-3.14,	9962,38,0,0,0,0,0,0,0,0,0,0,0,0,0,0,0,0,0,0	
TCCGGAATTT	-59.036	0.00054924	6	6	0.0714	1.9e-06	-3.27,-3.27,-3.27,-3.28,-3.28,1.31,1.31,-3.27,-3.27,1.21,	1.31,-3.27,-3.27,-3.26,-3.26,-3.27,-3.27,1.31,1.31,-1.01,	-3.27,1.41,1.41,-3.28,-3.28,-3.27,-3.27,-3.27,-3.27,-3.14,	-3.28,-3.27,-3.27,1.41,1.41,-3.28,-3.28,-3.28,-3.28,-3.14,	9962,38,0,0,0,0,0,0,0,0,0,0,0,0,0,0,0,0,0,0	
TAATTCCGGA	-59.036	0.00054924	6	6	0.0714	1.9e-06	-1.01,1.31,1.31,-3.27,-3.27,-3.27,-3.27,-3.28,-3.28,1.31,	1.21,-3.27,-3.27,1.31,1.31,-3.27,-3.27,-3.26,-3.26,-3.27,	-3.14,-3.27,-3.27,-3.27,-3.27,1.41,1.41,-3.28,-3.28,-3.27,	-3.14,-3.28,-3.28,-3.28,-3.28,-3.27,-3.27,1.41,1.41,-3.28,	9962,38,0,0,0,0,0,0,0,0,0,0,0,0,0,0,0,0,0,0	
TAATTCCGGA	-59.036	0.00054924	6	6	0.0714	1.9e-06	-1.01,1.31,1.31,-3.27,-3.27,-3.27,-3.27,-3.28,-3.28,1.31,	1.21,-3.27,-3.27,1.31,1.31,-3.27,-3.27,-3.26,-3.26,-3.27,	-3.14,-3.27,-3.27,-3.27,-3.27,1.41,1.41,-3.28,-3.28,-3.27,	-3.14,-3.28,-3.28,-3.28,-3.28,-3.27,-3.27,1.41,1.41,-3.28,	9962,38,0,0,0,0,0,0,0,0,0,0,0,0,0,0,0,0,0,0	
TTTAATTCCG	-51.711	8.004e-05	5	5	0.0595	1e-06	-3.1,-3.1,-3.1,1.3,1.3,-3.1,-3.1,-3.09,-3.09,-3.09,	1.3,1.3,1.3,-3.1,-3.1,1.3,1.3,-3.09,-3.09,-3.09,	-3.09,-3.09,-3.09,-3.09,-3.09,-3.09,-3.09,1.4,1.4,-3.09,	-3.09,-3.09,-3.09,-3.09,-3.09,-3.09,-3.09,-3.09,-3.09,1.4,	9980,20,0,0,0,0,0,0,0,0,0,0,0,0,0,0,0,0,0,0	
TTTAATTCCG	-51.711	8.004e-05	5	5	0.0595	1e-06	-3.1,-3.1,-3.1,1.3,1.3,-3.1,-3.1,-3.09,-3.09,-3.09,	1.3,1.3,1.3,-3.1,-3.1,1.3,1.3,-3.09,-3.09,-3.09,	-3.09,-3.09,-3.09,-3.09,-3.09,-3.09,-3.09,1.4,1.4,-3.09,	-3.09,-3.09,-3.09,-3.09,-3.09,-3.09,-3.09,-3.09,-3.09,1.4,	9980,20,0,0,0,0,0,0,0,0,0,0,0,0,0,0,0,0,0,0	
TTTAATTCCG	-51.711	8.004e-05	5	5	0.0595	1e-06	-3.1,-3.1,-3.1,1.3,1.3,-3.1,-3.1,-3.09,-3.09,-3.09,	1.3,1.3,1.3,-3.1,-3.1,1.3,1.3,-3.09,-3.09,-3.09,	-3.09,-3.09,-3.09,-3.09,-3.09,-3.09,-3.09,1.4,1.4,-3.09,	-3.09,-3.09,-3.09,-3.09,-3.09,-3.09,-3.09,-3.09,-3.09,1.4,	9980,20,0,0,0,0,0,0,0,0,0,0,0,0,0,0,0,0,0,0	
TTTAATTCCG	-51.711	8.004e-05	5	5	0.0595	1e-06	-3.1,-3.1,-3.1,1.3,1.3,-3.1,-3.1,-3.09,-3.09,-3.09,	1.3,1.3,1.3,-3.1,-3.1,1.3,1.3,-3.09,-3.09,-3.09,	-3.09,-3.09,-3.09,-3.09,-3.09,-3.09,-3.09,1.4,1.4,-3.09,	-3.09,-3.09,-3.09,-3.09,-3.09,-3.09,-3.09,-3.09,-3.09,1.4,	9980,20,0,0,0,0,0,0,0,0,0,0,0,0,0,0,0,0,0,0	
TTTAATTCCG	-51.711	8.004e-05	5	5	0.0595	1e-06	-3.1,-3.1,-3.1,1.3,1.3,-3.1,-3.1,-3.09,-3.09,-3.09,	1.3,1.3,1.3,-3.1,-3.1,1.3,1.3,-3.09,-3.09,-3.09,	-3.09,-3.09,-3.09,-3.09,-3.09,-3.09,-3.09,1.4,1.4,-3.09,	-3.09,-3.09,-3.09,-3.09,-3.09,-3.09,-3.09,-3.09,-3.09,1.4,	9980,20,0,0,0,0,0,0,0,0,0,0,0,0,0,0,0,0,0,0	
GGAATTTTAA	-44.971	1.7195	5	5	0.0595	3.85e-06	-3.09,-3.09,1.3,1.3,-3.1,-3.1,-3.1,-3.1,1.3,1.3,	-3.09,-3.09,-3.1,-3.1,1.3,1.3,1.3,1.3,-3.1,-3.1,	-3.09,-3.09,-3.09,-3.09,-3.09,-3.09,-3.09,-3.09,-3.09,-3.09,	1.4,1.4,-3.09,-3.09,-3.09,-3.09,-3.09,-3.09,-3.09,-3.09,	9924,75,1,0,0,0,0,0,0,0,0,0,0,0,0,0,0,0,0,0	
GGAATTTTAA	-44.971	1.7195	5	5	0.0595	3.85e-06	-3.09,-3.09,1.3,1.3,-3.1,-3.1,-3.1,-3.1,1.3,1.3,	-3.09,-3.09,-3.1,-3.1,1.3,1.3,1.3,1.3,-3.1,-3.1,	-3.09,-3.09,-3.09,-3.09,-3.09,-3.09,-3.09,-3.09,-3.09,-3.09,	1.4,1.4,-3.09,-3.09,-3.09,-3.09,-3.09,-3.09,-3.09,-3.09,	9924,75,1,0,0,0,0,0,0,0,0,0,0,0,0,0,0,0,0,0	
GGAATTTTAA	-44.971	1.7195	5	5	0.0595	3.85e-06	-3.09,-3.09,1.3,1.3,-3.1,-3.1,-3.1,-3.1,1.3,1.3,	-3.09,-3.09,-3.1,-3.1,1.3,1.3,1.3,1.3,-3.1,-3.1,	-3.09,-3.09,-3.09,-3.09,-3.09,-3.09,-3.09,-3.09,-3.09,-3.09,	1.4,1.4,-3.09,-3.09,-3.09,-3.09,-3.09,-3.09,-3.09,-3.09,	9924,75,1,0,0,0,0,0,0,0,0,0,0,0,0,0,0,0,0,0	
GGAATTTTAA	-44.971	1.7195	5	5	0.0595	3.85e-06	-3.09,-3.09,1.3,1.3,-3.1,-3.1,-3.1,-3.1,1.3,1.3,	-3.09,-3.09,-3.1,-3.1,1.3,1.3,1.3,1.3,-3.1,-3.1,	-3.09,-3.09,-3.09,-3.09,-3.09,-3.09,-3.09,-3.09,-3.09,-3.09,	1.4,1.4,-3.09,-3.09,-3.09,-3.09,-3.09,-3.09,-3.09,-3.09,	9924,75,1,0,0,0,0,0,0,0,0,0,0,0,0,0,0,0,0,0	
GGAATTTTAA	-44.971	1.7195	5	5	0.0595	3.85e-06	-3.09,-3.09,1.3,1.3,-3.1,-3.1,-3.1,-3.1,1.3,1.3,	-3.09,-3.09,-3.1,-3.1,1.3,1.3,1.3,1.3,-3.1,-3.1,	-3.09,-3.09,-3.09,-3.09,-3.09,-3.09,-3.09,-3.09,-3.09,-3.09,	1.4,1.4,-3.09,-3.09,-3.09,-3.09,-3.09,-3.09,-3.09,-3.09,	9924,75,1,0,0,0,0,0,0,0,0,0,0,0,0,0,0,0,0,0	
GAATTTTAAT	-43.42	3.9597	5	5	0.0595	5.25e-06	-3.09,1.3,1.3,-3.1,-3.1,-3.1,-3.1,1.3,1.3,-3.1,	-3.09,-3.1,-3.1,1.3,1.3,1.3,1.3,-3.1,-3.1,1.3,	-3.09,-3.09,-3.09,-3.09,-3.09,-3.09,-3.09,-3.09,-3.09,-3.09,	1.4,-3.09,-3.09,-3.09,-3.09,-3.09,-3.09,-3.09,-3.09,-3.09,	9897,101,2,0,0,0,0,0,0,0,0,0,0,0,0,0,0,0,0,0	
GAATTTTAAT	-43.42	3.9597	5	5	0.0595	5.25e-06	-3.09,1.3,1.3,-3.1,-3.1,-3.1,-3.1,1.3,1.3,-3.1,	-3.09,-3.1,-3.1,1.3,1.3,1.3,1.3,-3.1,-3.1,1.3,	-3.09,-3.09,-3.09,-3.09,-3.09,-3.09,-3.09,-3.09,-3.09,-3.09,	1.4,-3.09,-3.09,-3.09,-3.09,-3.09,-3.09,-3.09,-3.09,-3.09,	9897,101,2,0,0,0,0,0,0,0,0,0,0,0,0,0,0,0,0,0	
GAATTTTAAT	-43.42	3.9597	5	5	0.0595	5.25e-06	-3.09,1.3,1.3,-3.1,-3.1,-3.1,-3.1,1.3,1.3,-3.1,	-3.09,-3.1,-3.1,1.3,1.3,1.3,1.3,-3.1,-3.1,1.3,	-3.09,-3.09,-3.09,-3.09,-3.09,-3.09,-3.09,-3.09,-3.09,-3.09,	1.4,-3.09,-3.09,-3.09,-3.09,-3.09,-3.09,-3.09,-3.09,-3.09,	9897,101,2,0,0,0,0,0,0,0,0,0,0,0,0,0,0,0,0,0	
GAATTTTAAT	-43.42	3.9597	5	5	0.0595	5.25e-06	-3.09,1.3,1.3,-3.1,-3.1,-3.1,-3.1,1.3,1.3,-3.1,	-3.09,-3.1,-3.1,1.3,1.3,1.3,1.3,-3.1,-3.1,1.3,	-3.09,-3.09,-3.09,-3.09,-3.09,-3.09,-3.09,-3.09,-3.09,-3.09,	1.4,-3.09,-3.09,-3.09,-3.09,-3.09,-3.09,-3.09,-3.09,-3.09,	9897,101,2,0,0,0,0,0,0,0,0,0,0,0,0,0,0,0,0,0	
GAATTTTAAT	-43.42	3.9597	5	5	0.0595	5.25e-06	-3.09,1.3,1.3,-3.1,-3.1,-3.1,-3.1,1.3,1.3,-3.1,	-3.09,-3.1,-3.1,1.3,1.3,1.3,1.3,-3.1,-3.1,1.3,	-3.09,-3.09,-3.09,-3.09,-3.09,-3.09,-3.09,-3.09,-3.09,-3.09,	1.4,-3.09,-3.09,-3.09,-3.09,-3.09,-3.09,-3.09,-3.09,-3.09,	9897,101,2,0,0,0,0,0,0,0,0,0,0,0,0,0,0,0,0,0	
TTTTAATTCC	-42.509	0.020067	5	5	0.0595	6.3e-06	-3.1,-3.1,-3.1,-3.1,1.3,1.3,-3.1,-3.1,-3.09,-3.09,	1.3,1.3,1.3,1.3,-3.1,-3.1,1.3,1.3,-3.09,-3.09,	-3.09,-3.09,-3.09,-3.09,-3.09,-3.09,-3.09,-3.09,1.4,1.4,	-3.09,-3.09,-3.09,-3.09,-3.09,-3.09,-3.09,-3.09,-3.09,-3.09,	9874,126,0,0,0,0,0,0,0,0,0,0,0,0,0,0,0,0,0,0	
TTTTAATTCC	-42.509	0.020067	5	5	0.0595	6.3e-06	-3.1,-3.1,-3.1,-3.1,1.3,1.3,-3.1,-3.1,-3.09,-3.09,	1.3,1.3,1.3,1.3,-3.1,-3.1,1.3,1.3,-3.09,-3.09,	-3.09,-3.09,-3.09,-3.09,-3.09,-3.09,-3.09,-3.09,1.4,1.4,	-3.09,-3.09,-3.09,-3.09,-3.09,-3.09,-3.09,-3.09,-3.09,-3.09,	9874,126,0,0,0,0,0,0,0,0,0,0,0,0,0,0,0,0,0,0	
TTTTAATTCC	-42.509	0.020067	5	5	0.0595	6.3e-06	-3.1,-3.1,-3.1,-3.1,1.3,1.3,-3.1,-3.1,-3.09,-3.09,	1.3,1.3,1.3,1.3,-3.1,-3.1,1.3,1.3,-3.09,-3.09,	-3.09,-3.09,-3.09,-3.09,-3.09,-3.09,-3.09,-3.09,1.4,1.4,	-3.09,-3.09,-3.09,-3.09,-3.09,-3.09,-3.09,-3.09,-3.09,-3.09,	9874,126,0,0,0,0,0,0,0,0,0,0,0,0,0,0,0,0,0,0	
TTTTAATTCC	-42.509	0.020067	5	5	0.0595	6.3e-06	-3.1,-3.1,-3.1,-3.1,1.3,1.3,-3.1,-3.1,-3.09,-3.09,	1.3,1.3,1.3,1.3,-3.1,-3.1,1.3,1.3,-3.09,-3.09,	-3.09,-3.09,-3.09,-3.09,-3.09,-3.09,-3.09,-3.09,1.4,1.4,	-3.09,-3.09,-3.09,-3.09,-3.09,-3.09,-3.09,-3.09,-3.09,-3.09,	9874,126,0,0,0,0,0,0,0,0,0,0,0,0,0,0,0,0,0,0	
TTTTAATTCC	-42.509	0.020067	5	5	0.0595	6.3e-06	-3.1,-3.1,-3.1,-3.1,1.3,1.3,-3.1,-3.1,-3.09,-3.09,	1.3,1.3,1.3,1.3,-3.1,-3.1,1.3,1.3,-3.09,-3.09,	-3.09,-3.09,-3.09,-3.09,-3.09,-3.09,-3.09,-3.09,1.4,1.4,	-3.09,-3.09,-3.09,-3.09,-3.09,-3.09,-3.09,-3.09,-3.09,-3.09,	9874,126,0,0,0,0,0,0,0,0,0,0,0,0,0,0,0,0,0,0	
ATTTTAATTC	-42.018	10.018	5	5	0.0595	6.95e-06	1.3,-3.1,-3.1,-3.1,-3.1,1.3,1.3,-3.1,-3.1,-3.09,	-3.1,1.3,1.3,1.3,1.3,-3.1,-3.1,1.3,1.3,-3.09,	-3.09,-3.09,-3.09,-3.09,-3.09,-3.09,-3.09,-3.09,-3.09,1.4,	-3.09,-3.09,-3.09,-3.09,-3.09,-3.09,-3.09,-3.09,-3.09,-3.09,	9865,131,4,0,0,0,0,0,0,0,0,0,0,0,0,0,0,0,0,0	
ATTTTAATTC	-42.018	10.018	5	5	0.0595	6.95e-06	1.3,-3.1,-3.1,-3.1,-3.1,1.3,1.3,-3.1,-3.1,-3.09,	-3.1,1.3,1.3,1.3,1.3,-3.1,-3.1,1.3,1.3,-3.09,	-3.09,-3.09,-3.09,-3.09,-3.09,-3.09,-3.09,-3.09,-3.09,1.4,	-3.09,-3.09,-3.09,-3.09,-3.09,-3.09,-3.09,-3.09,-3.09,-3.09,	9865,131,4,0,0,0,0,0,0,0,0,0,0,0,0,0,0,0,0,0	
ATTTTAATTC	-42.018	10.018	5	5	0.0595	6.95e-06	1.3,-3.1,-3.1,-3.1,-3.1,1.3,1.3,-3.1,-3.1,-3.09,	-3.1,1.3,1.3,1.3,1.3,-3.1,-3.1,1.3,1.3,-3.09,	-3.09,-3.09,-3.09,-3.09,-3.09,-3.09,-3.09,-3.09,-3.09,1.4,	-3.09,-3.09,-3.09,-3.09,-3.09,-3.09,-3.09,-3.09,-3.09,-3.09,	9865,131,4,0,0,0,0,0,0,0,0,0,0,0,0,0,0,0,0,0	
ATTTTAATTC	-42.018	10.018	5	5	0.0595	6.95e-06	1.3,-3.1,-3.1,-3.1,-3.1,1.3,1.3,-3.1,-3.1,-3.09,	-3.1,1.3,1.3,1.3,1.3,-3.1,-3.1,1.3,1.3,-3.09,	-3.09,-3.09,-3.09,-3.09,-3.09,-3.09,-3.09,-3.09,-3.09,1.4,	-3.09,-3.09,-3.09,-3.09,-3.09,-3.09,-3.09,-3.09,-3.09,-3.09,	9865,131,4,0,0,0,0,0,0,0,0,0,0,0,0,0,0,0,0,0	
ATTTTAATTC	-42.018	10.018	5	5	0.0595	6.95e-06	1.3,-3.1,-3.1,-3.1,-3.1,1.3,1.3,-3.1,-3.1,-3.09,	-3.1,1.3,1.3,1.3,1.3,-3.1,-3.1,1.3,1.3,-3.09,	-3.09,-3.09,-3.09,-3.09,-3.09,-3.09,-3.09,-3.09,-3.09,1.4,	-3.09,-3.09,-3.09,-3.09,-3.09,-3.09,-3.09,-3.09,-3.09,-3.09,	9865,131,4,0,0,0,0,0,0,0,0,0,0,0,0,0,0,0,0,0	
TTAATTCCGG	-40.003	0.38118	5	5	0.0595	1.04e-05	-3.1,-3.1,1.3,1.3,-3.1,-3.1,-3.09,-3.09,-3.09,-3.09,	1.3,1.3,-3.1,-3.1,1.3,1.3,-3.09,-3.09,-3.09,-3.09,	-3.09,-3.09,-3.09,-3.09,-3.09,-3.09,1.4,1.4,-3.09,-3.09,	-3.09,-3.09,-3.09,-3.09,-3.09,-3.09,-3.09,-3.09,1.4,1.4,	9795,202,3,0,0,0,0,0,0,0,0,0,0,0,0,0,0,0,0,0	
TTAATTCCGG	-40.003	0.38118	5	5	0.0595	1.04e-05	-3.1,-3.1,1.3,1.3,-3.1,-3.1,-3.09,-3.09,-3.09,-3.09,	1.3,1.3,-3.1,-3.1,1.3,1.3,-3.09,-3.09,-3.09,-3.09,	-3.09,-3.09,-3.09,-3.09,-3.09,-3.09,1.4,1.4,-3.09,-3.09,	-3.09,-3.09,-3.09,-3.09,-3.09,-3.09,-3.09,-3.09,1.4,1.4,	9795,202,3,0,0,0,0,0,0,0,0,0,0,0,0,0,0,0,0,0	
TTAATTCCGG	-40.003	0.38118	5	5	0.0595	1.04e-05	-3.1,-3.1,1.3,1.3,-3.1,-3.1,-3.09,-3.09,-3.09,-3.09,	1.3,1.3,-3.1,-3.1,1.3,1.3,-3.09,-3.09,-3.09,-3.09,	-3.09,-3.09,-3.09,-3.09,-3.09,-3.09,1.4,1.4,-3.09,-3.09,	-3.09,-3.09,-3.09,-3.09,-3.09,-3.09,-3.09,-3.09,1.4,1.4,	9795,202,3,0,0,0,0,0,0,0,0,0,0,0,0,0,0,0,0,0	
TTAATTCCGG	-40.003	0.38118	5	5	0.0595	1.04e-05	-3.1,-3.1,1.3,1.3,-3.1,-3.1,-3.09,-3.09,-3.09,-3.09,	1.3,1.3,-3.1,-3.1,1.3,1.3,-3.09,-3.09,-3.09,-3.09,	-3.09,-3.09,-3.09,-3.09,-3.09,-3.09,1.4,1.4,-3.09,-3.09,	-3.09,-3.09,-3.09,-3.09,-3.09,-3.09,-3.09,-3.09,1.4,1.4,	9795,202,3,0,0,0,0,0,0,0,0,0,0,0,0,0,0,0,0,0	
TTAATTCCGG	-40.003	0.38118	5	5	0.0595	1.04e-05	-3.1,-3.1,1.3,1.3,-3.1,-3.1,-3.09,-3.09,-3.09,-3.09,	1.3,1.3,-3.1,-3.1,1.3,1.3,-3.09,-3.09,-3.09,-3.09,	-3.09,-3.09,-3.09,-3.09,-3.09,-3.09,1.4,1.4,-3.09,-3.09,	-3.09,-3.09,-3.09,-3.09,-3.09,-3.09,-3.09,-3.09,1.4,1.4,	9795,202,3,0,0,0,0,0,0,0,0,0,0,0,0,0,0,0,0,0	
AATTTTAATT	-39.931	6.9772	5	5	0.0595	1.06e-05	1.3,1.3,-3.1,-3.1,-3.1,-3.1,1.3,1.3,-3.1,-3.1,	-3.1,-3.1,1.3,1.3,1.3,1.3,-3.1,-3.1,1.3,1.3,	-3.09,-3.09,-3.09,-3.09,-3.09,-3.09,-3.09,-3.09,-3.09,-3.09,	-3.09,-3.09,-3.09,-3.09,-3.09,-3.09,-3.09,-3.09,-3.09,-3.09,	9795,199,6,0,0,0,0,0,0,0,0,0,0,0,0,0,0,0,0,0	
AATTTTAATT	-39.931	6.9772	5	5	0.0595	1.06e-05	1.3,1.3,-3.1,-3.1,-3.1,-3.1,1.3,1.3,-3.1,-3.1,	-3.1,-3.1,1.3,1.3,1.3,1.3,-3.1,-3.1,1.3,1.3,	-3.09,-3.09,-3.09,-3.09,-3.09,-3.09,-3.09,-3.09,-3.09,-3.09,	-3.09,-3.09,-3.09,-3.09,-3.09,-3.09,-3.09,-3.09,-3.09,-3.09,	9795,199,6,0,0,0,0,0,0,0,0,0,0,0,0,0,0,0,0,0	
AATTTTAATT	-39.931	6.9772	5	5	0.0595	1.06e-05	1.3,1.3,-3.1,-3.1,-3.1,-3.1,1.3,1.3,-3.1,-3.1,	-3.1,-3.1,1.3,1.3,1.3,1.3,-3.1,-3.1,1.3,1.3,	-3.09,-3.09,-3.09,-3.09,-3.09,-3.09,-3.09,-3.09,-3.09,-3.09,	-3.09,-3.09,-3.09,-3.09,-3.09,-3.09,-3.09,-3.09,-3.09,-3.09,	9795,199,6,0,0,0,0,0,0,0,0,0,0,0,0,0,0,0,0,0	
AATTTTAATT	-39.931	6.9772	5	5	0.0595	1.06e-05	1.3,1.3,-3.1,-3.1,-3.1,-3.1,1.3,1.3,-3.1,-3.1,	-3.1,-3.1,1.3,1.3,1.3,1.3,-3.1,-3.1,1.3,1.3,	-3.09,-3.09,-3.09,-3.09,-3.09,-3.09,-3.09,-3.09,-3.09,-3.09,	-3.09,-3.09,-3.09,-3.09,-3.09,-3.09,-3.09,-3.09,-3.09,-3.09,	9795,199,6,0,0,0,0,0,0,0,0,0,0,0,0,0,0,0,0,0	
AATTTTAATT	-39.931	6.9772	5	5	0.0595	1.06e-05	1.3,1.3,-3.1,-3.1,-3.1,-3.1,1.3,1.3,-3.1,-3.1,	-3.1,-3.1,1.3,1.3,1.3,1.3,-3.1,-3.1,1.3,1.3,	-3.09,-3.09,-3.09,-3.09,-3.09,-3.09,-3.09,-3.09,-3.09,-3.09,	-3.09,-3.09,-3.09,-3.09,-3.09,-3.09,-3.09,-3.09,-3.09,-3.09,	9795,199,6,0,0,0,0,0,0,0,0,0,0,0,0,0,0,0,0,0	
