GACACTCTTG	-23.6962	18.7038	4	4	0.00108	2.21e-05	-2.67,0.325,-2.62,-0.16,-2.67,0.266,-2.67,-2.69,-1.27,-2.67,	-2.67,-2.82,1.43,-1.02,1.48,-2.63,1.55,0.272,0.452,-2.67,	1.55,-1.11,-0.5,0.755,-2.67,-2.63,-2.67,-2.69,-0.364,1.55,	-2.67,0.525,-2.62,-0.196,-1.28,0.659,-2.67,0.853,0.433,-2.67,	9579,400,20,1,0,0,0,0,0,0,0,0,0,0,0,0,0,0,0,0	
ACACATGCTC	-23.672	133.65	7	6	0.00163	6.42e-05	0.571,-3.43,1.18,-1.81,1.18,-3.43,-2.03,-3.43,-1.43,-0.509,	-3.31,1.58,-3.43,0.762,-3.43,-3.43,-3.43,1.55,0.716,0.361,	0.812,-3.43,-3.43,0.735,-3.43,-3.43,1.55,-3.43,0.14,0.688,	-3.31,-3.43,-3.43,-1.04,-3.43,1.18,-3.43,-2.03,-0.0379,-0.8,	8867,1003,111,17,2,0,0,0,0,0,0,0,0,0,0,0,0,0,0,0	
GTGTGCTATG	-18.16	9.6609	6	4	0.00108	2.87e-05	1.03,-2.86,-2.85,-2.86,-2.85,-2.78,-2.8,-0.18,-2.88,-1.52,	-2.82,-2.86,-2.85,-2.86,-2.85,1.31,-1.09,1.16,-2.88,-0.596,	-0.458,-2.86,1.56,-2.86,1.56,0.115,0.0857,-2.73,-0.197,1.4,	-2.82,1.16,-2.85,1.16,-2.85,-2.78,0.842,-1.1,0.99,-2.91,	9454,519,26,1,0,0,0,0,0,0,0,0,0,0,0,0,0,0,0,0	
GGGATACTCC	-17.89	120.64	6	3	0.000813	8.75e-06	-0.997,0.0259,-0.997,1.13,-2.33,1.13,-2.32,0.014,-2.32,0.206,	-2.39,0.246,-2.39,-2.33,-2.33,-2.33,1.53,-2.3,1.53,1.07,	1.44,0.719,1.44,-2.33,-2.33,-2.33,-2.32,-2.3,-2.32,-2.37,	-2.39,-2.45,-2.39,-2.33,1.13,-2.33,-2.32,0.782,-2.32,-2.37,	9832,162,5,1,0,0,0,0,0,0,0,0,0,0,0,0,0,0,0,0	
AAATTAGCCG	-15.399	4.0484	5	3	0.000813	1.44e-05	1.15,-2.61,0.872,-2.62,-2.62,0.972,-1.22,-2.61,-0.571,-2.58,	-2.62,-2.62,-2.44,-2.62,-2.62,-2.48,-2.61,1.48,1.27,-0.821,	-2.62,1.55,-2.44,-2.62,-2.62,-2.48,1.48,-2.61,-2.5,1.47,	-2.62,-2.62,-0.194,1.15,1.15,-0.544,-2.61,-1.22,-1.11,-2.58,	9719,273,8,0,0,0,0,0,0,0,0,0,0,0,0,0,0,0,0,0	
CGTTTGTCCC	-14.723	10.856	5	3	0.000813	2.32e-05	-2.54,-2.47,-0.0591,-1.17,-2.53,-2.54,-2.54,-2.54,-0.461,-2.37,	-2.54,-0.247,-0.766,-2.56,-0.196,-2.54,-2.54,1.54,1.14,1.15,	1.54,1.38,-2.48,-0.257,-2.53,1.54,-2.54,-2.54,-0.248,-2.37,	-2.54,-2.47,0.705,0.898,0.976,-2.54,1.15,-2.54,-2.39,0.079,	9555,426,18,1,0,0,0,0,0,0,0,0,0,0,0,0,0,0,0,0	
AGTCGCTCGC	-13.846	45.925	4	3	0.000813	3.02e-05	0.653,-0.956,-0.98,-2.3,-0.877,-2.3,-2.3,-2.33,-2.3,-0.32,	0.632,0.357,-2.37,1.53,-0.0198,1.53,-2.3,1.3,0.00879,1.3,	-2.36,1.05,-2.37,-2.3,1.03,-2.3,-2.3,-0.555,1.31,-2.27,	-2.36,-2.35,1.04,-2.3,-0.937,-2.3,1.13,-0.872,-2.3,-2.27,	9441,516,41,2,0,0,0,0,0,0,0,0,0,0,0,0,0,0,0,0	
AAACGCCCCT	-13.543	69.358	3	3	0.000813	3.49e-05	-0.268,0.99,0.719,-2.65,-2.65,-2.65,-2.65,-2.65,-2.48,-2.66,	1.29,-2.57,-2.45,1.55,-2.65,1.55,1.55,1.55,0.911,-0.133,	-2.5,-2.57,0.535,-2.65,1.55,-2.65,-2.65,-2.65,-2.48,-2.66,	-2.5,-0.614,-2.45,-2.65,-2.65,-2.65,-2.65,-2.65,0.43,0.968,	9358,590,47,5,0,0,0,0,0,0,0,0,0,0,0,0,0,0,0,0	
CTGCGGCGAC	-13.495	31.648	6	3	0.000813	3.04e-05	-2.59,-2.62,-2.59,-2.59,-2.47,-2.59,-2.58,-2.53,1.15,0.747,	1.55,1.39,-2.59,1.55,-2.47,-2.59,1.47,-0.822,-2.59,0.49,	-2.59,-2.62,1.55,-2.59,1.36,1.55,-2.58,0.291,-2.59,-2.52,	-2.59,-0.625,-2.59,-2.59,-0.508,-2.59,-1.19,0.727,-2.59,-2.52,	9433,527,39,1,0,0,0,0,0,0,0,0,0,0,0,0,0,0,0,0	
CAAAGGCCTG	-13.184	36.483	5	3	0.000813	4.83e-05	-2.49,0.824,0.676,-2.5,-2.49,-2.37,-2.49,1.14,-2.37,-2.5,	1.36,0.3,0.365,-2.5,-2.49,-0.0616,1.54,-2.5,-2.37,-2.5,	-0.775,-2.38,-2.49,-2.5,1.54,1.33,-2.49,-2.5,-0.0648,1.46,	-1.09,-2.38,-1.04,1.14,-2.5,-2.37,-2.5,-2.5,0.937,-1.1,	9117,804,75,4,0,0,0,0,0,0,0,0,0,0,0,0,0,0,0,0	
CATTTGCAGC	-13.181	61.745	4	3	0.000813	3.39e-05	-2.76,0.65,-2.76,-2.76,-2.63,0.952,-2.76,0.9,-2.76,-2.76,	1.49,0.662,-2.76,-2.76,1.06,-2.61,1.56,-0.749,-2.76,1.56,	-2.76,-2.58,-2.76,-2.76,-2.63,-0.074,-2.76,-2.6,1.56,-2.76,	-1.36,-2.58,1.16,1.16,0.257,-2.61,-2.76,-0.676,-2.76,-2.76,	9380,564,54,2,0,0,0,0,0,0,0,0,0,0,0,0,0,0,0,0	
TTGTTGGCCC	-13.093	121.15	3	3	0.000813	3.92e-05	-0.592,-2.58,-2.5,-2.43,-0.492,-2.35,-2.5,-2.5,-2.5,-2.5,	-2.54,0.835,-2.5,0.344,-2.66,-0.0208,-2.5,1.54,1.54,1.54,	-2.54,0.0148,1.54,-2.43,-2.66,1.32,1.54,-2.5,-2.5,-2.5,	0.984,0.044,-2.5,0.809,0.966,-2.35,-2.5,-2.5,-2.5,-2.5,	9285,651,59,4,1,0,0,0,0,0,0,0,0,0,0,0,0,0,0,0	
TGGGGAAAAA	-12.867	57.256	4	3	0.000813	3.55e-05	-2.35,-2.35,-2.35,-2.21,-2.35,1.13,1.13,0.676,1.13,0.662,	-0.634,-2.35,-2.35,0.184,-2.35,-2.35,-2.35,-0.534,-2.35,-2.27,	-2.35,-2.35,1.53,1.24,1.53,-2.35,-2.35,-2.27,-2.35,-2.27,	1.04,1.13,-2.35,-2.21,-2.35,-2.35,-2.35,-0.0975,-2.35,0.228,	9349,594,54,3,0,0,0,0,0,0,0,0,0,0,0,0,0,0,0,0	
