GCAAATTAGT	-75.6535	20.7136	15	14	0.000855	5.4e-06	-3.64,-1.33,1.19,1.15,1.19,-3.63,-3.62,1.15,0.0507,-1.31,	-1.09,1.47,-3.69,-3.63,-3.69,-3.63,-1.68,-3.63,-3.35,-3.57,	1.52,-1.67,-3.69,-3.63,-3.69,-1.69,-1.68,-3.63,-1.39,-3.57,	-3.64,-3.57,-3.69,-2.03,-3.69,1.15,1.12,-2.02,0.738,1.11,	9883,100,4,0,0,0,0,0,0,0,0,0,0,0,0,0,0,0,0,0	
AATTACACTG	-70.408	24.03	13	13	0.000794	5.1e-06	1.1,1.15,-3.6,-3.6,0.551,-3.6,1.15,-0.821,-0.822,-3.48,	-3.48,-3.54,-3.6,-3.6,-3.35,1.59,-3.54,-1.49,-3.45,-3.48,	-3.48,-3.54,-3.6,-3.6,-3.35,-3.6,-3.54,-3.44,-1.49,1.5,	-1.22,-1.92,1.18,1.18,0.439,-3.6,-1.93,1,1,-1.23,	9889,94,4,0,0,0,0,0,0,0,0,0,0,0,0,0,0,0,0,0	
TCAAATAATT	-69.703	261.65	15	14	0.000855	6.71e-06	-0.439,-3.39,1.19,1.19,1.19,-3.67,0.0958,1.12,-3.5,-3.67,	-3.41,1.2,-3.67,-3.67,-3.67,-3.67,1.18,-1.7,-3.5,-3.67,	-0.769,-1.44,-3.67,-3.67,-3.67,-3.67,-3.44,-3.62,-0.434,-3.67,	0.858,-0.0739,-3.67,-3.67,-3.67,1.19,-3.44,-2.06,1.05,1.19,	9859,123,4,1,0,0,0,0,0,0,0,0,0,0,0,0,0,0,0,0	
TTATAATTGA	-67.78	2.3835	13	13	0.000794	6.01e-06	-3.61,-3.55,0.9,0.644,1.18,1.18,-3.61,-1.24,-0.208,1.18,	-3.61,-3.55,-3.42,-3.35,-3.61,-3.61,-3.61,-3.49,-1.35,-3.61,	-3.61,-1.6,0.205,-3.35,-3.61,-3.61,-3.61,-3.49,1.24,-3.61,	1.18,1.15,-3.42,0.324,-3.61,-3.61,1.18,1.1,-3.31,-3.61,	9869,116,2,0,0,0,0,0,0,0,0,0,0,0,0,0,0,0,0,0	
CAGCTGCCGC	-67.418	202.87	22	16	0.000977	1.65e-05	-3.74,1.02,-3.72,-3.78,-1.54,-3.77,-0.674,0.216,1.09,0.528,	1.56,-3.71,-3.72,1.57,-3.73,-3.77,1.17,1.12,-1.13,-3.54,	-1.82,-0.469,1.56,-3.78,-3.73,1.59,-1.44,-3.52,-1.82,0.869,	-3.74,-2.12,-2.11,-2.23,1.13,-3.77,-0.663,-3.52,-3.7,-3.54,	9685,278,21,3,0,0,0,0,0,0,0,0,0,0,0,0,0,0,0,0	
ATTGCATAAC	-66.491	9.997	13	13	0.000794	6.96e-06	-3.58,-3.58,-3.58,-1.31,-1.43,1.15,-1.2,0.162,-1.11,0.688,	-3.58,-3.58,-3.58,-1.03,1.48,-3.59,-3.48,-3.25,-1.43,0.661,	-3.58,-3.58,-3.58,1.39,-1.6,-3.59,-3.48,-1.3,1.44,-3.45,	1.18,1.18,1.18,-1.94,-3.54,-2.04,1.1,0.668,-3.39,-3.45,	9852,131,4,0,0,0,0,0,0,0,0,0,0,0,0,0,0,0,0,0	
TTTGGATTGC	-65.904	6.4093	13	13	0.000794	6.31e-06	-3.59,-3.59,-3.59,0.283,0.0415,0.842,-3.59,-1.69,-3.59,-3.59,	-3.59,-3.59,-3.59,-3.21,-3.32,-1.34,-3.59,-1.36,-3.59,1.59,	-3.59,-3.59,-3.59,-0.548,1.21,-3.3,-3.59,0.0106,1.59,-3.59,	1.18,1.18,1.18,0.466,-3.32,-0.208,1.18,0.834,-3.59,-3.59,	9864,120,3,0,0,0,0,0,0,0,0,0,0,0,0,0,0,0,0,0	
AAATTGATTT	-63.565	8.3831	15	13	0.000794	8.76e-06	1.18,1.02,1.18,-3.57,-3.57,0.0502,1.18,-1.18,-3.57,0.118,	-3.57,-3.39,-3.57,-3.57,-3.57,0.385,-3.57,-3.45,-3.57,-3.3,	-3.57,-3.39,-3.57,-3.57,-3.57,0.636,-3.57,-3.45,-3.57,-3.3,	-3.57,-0.681,-3.57,1.18,1.18,-3.14,-3.57,1.09,1.18,0.769,	9817,165,5,0,0,0,0,0,0,0,0,0,0,0,0,0,0,0,0,0	
TTTCTGTTTT	-63.266	0.2258	14	13	0.000794	8.56e-06	-1.89,-3.56,-3.34,-3.5,-1.88,0.813,-1.87,-3.56,-1.88,1.18,	-3.5,-3.56,-0.272,1.55,-0.574,-0.795,-3.49,-3.56,-3.49,-3.56,	-3.5,-3.56,-1.41,-3.5,-1.59,0.109,-3.49,-3.56,-3.49,-3.56,	1.14,1.18,0.966,-1.89,0.982,-3.39,1.14,1.18,1.14,-3.56,	9818,167,2,0,0,0,0,0,0,0,0,0,0,0,0,0,0,0,0,0	
TAAACTGCTT	-62.594	0.0078253	12	12	0.000733	4.6e-06	-1.09,-1.63,1.14,1.18,-3.51,-3.48,-3.44,-1.74,-3.53,-3.39,	-3.37,-3.26,-3.44,-3.51,-3.51,-3.48,-3.44,1.49,-3.53,-1.46,	-3.37,-0.17,-1.49,-3.51,-3.51,-0.94,1.54,-1.41,-1.65,-1.45,	1.08,0.936,-3.44,-3.51,1.18,1.11,-1.82,-3.37,1.15,1.09,	9895,92,0,0,0,0,0,0,0,0,0,0,0,0,0,0,0,0,0,0	
CGACATTTAT	-61.845	5.9142	12	12	0.000733	6.46e-06	-0.172,1.05,0.298,-3.53,1.18,-3.46,-3.44,-3.53,0.788,-3.48,	1.3,-3.57,0.171,1.59,-3.53,-3.46,-0.373,-3.53,-3.32,-0.916,	-3.37,-0.412,-3.19,-3.53,-3.53,-1.5,-1.55,-3.53,0.476,-3.48,	-3.37,-3.57,0.155,-3.52,-3.53,1.14,0.994,1.18,-3.32,1.1,	9861,123,3,0,0,0,0,0,0,0,0,0,0,0,0,0,0,0,0,0	
GAAAAAATTG	-61.479	153.24	14	13	0.000794	9.16e-06	0.123,-1.98,0.871,1.1,0.802,1.18,1.18,-3.55,-2.02,-3.4,	-3.38,-3.57,-3.44,-3.45,0.446,-3.55,-3.55,-3.55,-3.57,-0.114,	0.936,1.55,0.29,-3.45,-3.29,-3.55,-3.55,-3.55,1.55,1.16,	-0.734,-3.57,-3.44,-1.21,-3.29,-3.55,-3.55,1.18,-3.57,-0.532,	9817,158,11,1,0,0,0,0,0,0,0,0,0,0,0,0,0,0,0,0	
AATAATGGTA	-60.492	64.036	13	13	0.000794	1.13e-05	0.708,1.02,0.86,1.18,1.09,-3.57,-3.51,-1.84,1.18,1.15,	0.296,-0.305,-3.27,-3.57,-3.45,-3.57,-3.51,-3.45,-3.57,-1.57,	-0.599,-3.39,-0.17,-3.57,-0.815,-3.57,1.55,1.5,-3.57,-3.51,	-3.23,-3.39,-0.958,-3.57,-3.45,1.18,-1.9,-1.83,-3.57,-3.51,	9771,207,8,1,0,0,0,0,0,0,0,0,0,0,0,0,0,0,0,0	
AATTTCAAAA	-59.47	2.3269	13	13	0.000794	9.91e-06	1.09,0.616,-3.51,-3.59,-3.58,-1.87,1.15,1.1,1.15,1.1,	-0.803,0.755,-1.57,-1.71,-3.58,1.51,-1.71,-1.49,-3.52,-1.53,	-3.45,-3.29,-3.51,-3.59,-3.58,-1.52,-3.59,-1.5,-3.52,-1.52,	-3.45,-3.29,1.15,1.15,1.18,-3.47,-3.59,-3.45,-1.91,-3.47,	9793,190,4,0,0,0,0,0,0,0,0,0,0,0,0,0,0,0,0,0	
CCAGTGTTTT	-58.709	1.4873	12	11	0.000672	4e-06	-1.7,0.977,1.05,-0.8,-3.33,-1.65,-3.43,0.358,-3.41,-3.41,	1.53,-0.0876,-3.38,-3.12,-3.33,1.48,-1.55,-3.12,-3.41,-3.41,	-3.33,-3.21,-0.432,1.29,-1.37,-1.33,-3.43,-3.12,-3.41,-3.41,	-3.33,-3.21,-3.38,-0.81,1.13,-3.28,1.14,0.612,1.18,1.18,	9908,78,1,0,0,0,0,0,0,0,0,0,0,0,0,0,0,0,0,0	
AAAAATCCAC	-58.232	7.2342	13	12	0.000733	9.11e-06	1.18,1.18,0.451,1.14,1.14,-1.95,-3.52,-0.123,1.15,0.0412,	-3.49,-3.49,-0.322,-3.43,-3.43,-3.5,1.55,1.27,-3.5,0.000789,	-3.49,-3.49,0.169,-1.48,-1.5,1.55,-3.52,-3.24,-1.62,-1.24,	-3.49,-3.49,-0.713,-3.43,-3.43,-3.5,-1.93,-3.24,-3.5,0.358,	9810,172,5,0,0,0,0,0,0,0,0,0,0,0,0,0,0,0,0,0	
AAGATAATCA	-57.701	33.038	11	11	0.000672	5.5e-06	1.08,1.13,-0.475,0.6,-3.16,1.18,1.18,-3.42,-3.27,1.18,	-1.31,-3.35,-3.22,-3.13,0.37,-3.42,-3.42,-3.42,1.48,-3.42,	-1.32,-3.35,1.38,0.769,-3.16,-3.42,-3.42,-3.42,-1.3,-3.42,	-3.27,-1.72,-3.22,-3.13,0.832,-3.42,-3.42,1.18,-1.65,-3.42,	9882,100,5,0,0,0,0,0,0,0,0,0,0,0,0,0,0,0,0,0	
AATTGTACAT	-57.633	0.46435	13	11	0.000672	5.1e-06	1.14,1.07,-3.46,-3.44,-3.44,-0.376,0.354,-3.27,1.15,-3.44,	-3.38,-3.29,-1.58,-3.44,-3.44,0.992,-1.34,1.33,-3.46,-3.44,	-1.43,-3.29,-3.46,-3.44,1.58,-3.15,-0.273,-3.27,-1.58,-3.44,	-3.38,-0.99,1.15,1.18,-3.44,-0.199,0.205,-0.274,-3.46,1.18,	9886,100,1,0,0,0,0,0,0,0,0,0,0,0,0,0,0,0,0,0	
ATTAAAAAGA	-56.457	162.9	14	13	0.000794	1.35e-05	1.15,-3.57,-3.52,1.18,1.15,1.18,1.11,0.36,-1.17,1.06,	-3.51,-3.57,-3.52,-3.57,-3.52,-3.57,-1.65,-3.29,-3.36,-3.47,	-3.51,-3.57,-1.6,-3.57,-3.52,-3.57,-3.53,-3.29,1.31,-1.59,	-1.91,1.18,1.15,-3.57,-1.91,-3.57,-1.93,0.615,-0.621,-1.21,	9737,233,15,2,0,0,0,0,0,0,0,0,0,0,0,0,0,0,0,0	
TCTATTTCAT	-56.288	0.63856	12	12	0.000733	7.66e-06	-3.33,-1.06,-3.24,1.08,-1.83,-3.47,-3.47,-1.69,1.18,-3.47,	0.58,1.37,0.75,-0.73,-3.43,-3.47,-3.47,1.33,-3.48,-3.47,	-3.33,-0.709,-3.24,-3.35,-3.43,-3.47,-3.47,-1.38,-3.47,-3.47,	0.734,-3.3,0.619,-3.35,1.14,1.18,1.18,-0.771,-3.47,1.18,	9836,149,2,0,0,0,0,0,0,0,0,0,0,0,0,0,0,0,0,0	
